17.514578 15.845253 13.578117 11.318514
22.883060 18.604258 14.963101 17.414845
27.036574 13.859154 -4.273312 8.625404
0.027741 10.878229 17.427261 15.384754
4.941249 1.320871 -0.034281 -3.277689
11.959777 14.693329 6.708369 17.987065
1.132663 1.459452 1.877665 21.393428
0.155129 14.435775 1.537202 13.612657
-3.975291 -1.958710 19.817153 -2.427805
7.908238 3.593848 9.557618 16.723330
24.514934 11.006032 -2.504418 2.620259
3.812748 3.400962 -1.742582 6.783537
17.738919 -2.752766 17.351683 24.369984
16.384216 27.139308 7.681842 22.266830
16.350788 23.813549 7.503197 12.914895
25.527791 15.436998 9.641988 9.660537
14.235612 2.483026 15.432595 12.001976
11.617122 13.060793 10.978187 1.665506
22.283852 14.110923 11.978573 25.153340
6.595434 5.795682 5.554529 6.532412
7.733324 0.270715 7.158488 9.111269
-2.053081 13.666206 -1.131726 7.493086
17.804279 23.714818 10.271146 -5.454401
16.119379 11.643268 1.230488 4.357016
4.762624 2.077869 20.765202 13.375713
13.496524 18.412988 15.410107 21.338446
15.397754 15.415438 19.357150 13.777453
20.652709 18.471597 5.565614 4.979979
-1.015266 1.407332 15.555281 1.041902
11.625085 7.993082 11.503639 12.924694
