18.218802 14.291509 11.160753 11.548303
29.059841 21.144998 10.690792 12.206693
27.353615 12.434825 5.090584 -1.210576
-10.775399 9.193437 10.111337 20.378339
-1.054558 -3.315908 -0.588969 -3.389242
16.208298 13.335160 13.262603 21.386776
2.869696 -2.094050 0.045028 13.536250
-3.362615 7.150193 -2.082855 10.983725
5.171133 -0.411123 28.743546 1.930009
15.165651 5.990549 6.671541 17.064442
23.209095 6.960726 -0.261831 1.141519
5.573655 1.367072 -6.176180 2.583684
25.611887 1.165476 4.631601 26.378785
16.240018 24.186228 11.560912 18.979502
14.180673 21.481661 23.605251 7.329289
19.464702 17.238738 -0.290791 18.073547
7.291932 12.491824 19.136405 8.028282
11.508614 3.098910 9.285929 9.695695
18.683009 16.723675 16.941571 20.790848
3.012872 12.464388 6.072298 12.120392
13.626284 7.102497 11.255664 0.723732
-3.258847 7.876011 -0.937539 9.013874
15.908507 15.484206 12.913992 3.973550
8.323610 7.344851 -1.342387 5.986960
-1.848578 -2.971049 11.918606 13.774883
9.867282 12.756993 9.627355 20.476025
16.074604 18.059993 9.595479 17.153018
27.310598 16.351204 18.993302 2.916840
4.969057 -0.806661 18.476925 3.461798
12.942708 1.788496 11.227473 12.749027
