14.846281 13.577743 13.860754 12.010942
17.931095 19.622102 10.648693 10.904582
21.161019 20.479811 7.233948 -0.920407
4.351429 13.767780 19.102793 22.668068
7.539293 1.667600 -4.671017 0.891927
9.234577 7.527288 13.936290 8.484971
5.849685 -4.099389 -0.837185 20.167778
0.418874 11.938975 6.114544 17.784603
-0.174743 1.880075 9.169593 0.973626
14.865737 -2.613548 9.334803 15.064023
19.136862 9.620869 6.036658 6.983171
1.623170 -0.539428 -2.223953 -0.155732
19.951096 0.685756 18.477192 23.771910
14.936734 25.852146 16.591547 19.982326
8.520175 15.470819 11.275164 8.765767
21.898621 19.155003 13.532433 16.921851
8.534314 9.143573 18.606235 10.653397
7.976774 9.095514 6.754752 -2.331711
31.353917 18.191107 6.065274 14.328235
7.510795 8.091508 3.576841 11.273232
17.924928 4.652866 7.505349 12.860889
3.263160 10.587189 2.973816 11.275580
15.032585 22.388374 11.308384 -3.034183
8.916472 9.586186 2.081013 7.005352
0.966734 -6.506712 8.429626 5.727885
15.494179 16.752489 10.768628 17.195620
7.700131 2.543938 24.007293 17.962325
18.582637 18.546297 10.752049 8.915236
4.165862 -0.323931 14.423752 3.239709
12.414465 6.643731 6.712898 9.640644
