15.346278 14.332880 14.670157 12.727155
24.494456 24.607592 17.722048 20.109030
24.768546 15.187449 -7.209845 4.490134
-0.860684 15.097767 18.949317 14.090698
1.773000 -6.523958 -1.181733 1.011343
9.718615 18.449905 18.749191 16.419594
2.869531 -8.365821 -5.174699 11.551253
-0.141533 5.737246 1.820135 3.669183
-2.042566 -6.923490 10.828534 -1.223709
14.590090 4.464846 -2.486210 20.382893
17.595417 11.265851 -6.022397 6.731319
1.415395 4.427729 -1.658978 3.866922
26.874929 2.820983 15.020080 16.569185
13.777186 22.676014 7.825904 14.010349
18.678182 22.425795 10.389854 4.366689
25.813187 13.212605 16.387728 14.315978
7.063754 3.466822 12.857743 7.909546
18.922511 14.982230 6.290336 2.647952
21.680446 16.587477 9.524936 13.731031
8.826929 5.301215 -0.607526 20.625287
6.364917 3.870705 5.231667 13.479092
1.551818 17.818916 5.007717 4.880822
16.100696 26.043192 5.277246 -4.208362
12.238300 12.580708 -0.999900 8.373551
2.018930 -2.517954 15.635491 16.919181
20.263243 15.364522 10.100710 12.220401
13.518567 18.665667 4.231826 22.429713
18.941965 16.388979 15.986752 11.359276
2.791944 -5.443702 19.192580 -5.260668
18.182046 10.627482 9.985963 15.242767
