19.049557 17.313240 15.175506 10.816697
18.457169 14.377063 13.399040 13.086480
29.230477 8.826248 0.471017 0.647858
1.463882 7.004475 14.295594 18.171762
6.502620 3.826914 10.728211 4.195343
15.386852 16.897611 10.655777 7.366627
-2.434122 1.790654 6.294721 24.909792
-7.238098 9.088533 2.143806 17.900106
-6.835301 2.056919 17.877260 -6.030565
21.417708 12.281804 12.475655 24.651017
27.629539 11.964896 -0.331241 13.611696
8.058961 1.304606 1.222136 -4.364779
25.523349 8.581218 11.914127 28.064478
17.460013 23.294192 7.213572 16.834367
25.470907 21.014309 8.982206 12.446309
19.667912 17.168330 14.237380 10.172741
8.516539 8.818049 22.880983 10.369075
13.430064 11.078502 10.386364 3.040670
23.214136 9.754498 8.352794 16.235167
7.077120 2.069239 7.745114 14.092197
10.329457 7.241927 6.596644 8.891569
11.531826 12.923039 -1.887915 8.686615
10.451179 8.661368 2.629904 2.721133
15.895111 4.569641 1.991406 7.946146
11.685825 4.327419 12.292314 18.831224
7.651334 14.300006 14.073818 20.570301
16.481665 9.350333 16.198363 14.767360
21.721651 10.642019 15.855732 8.825886
0.013917 3.794903 14.707891 -3.952611
14.220155 -4.247407 12.615799 13.242508
