18.771238 14.306984 6.642046 4.537645
26.516503 16.340939 10.379636 14.258968
31.193787 21.363350 10.016179 8.459601
-0.540067 11.223273 11.206523 16.604319
10.027116 -5.038047 4.175410 -2.205541
14.619803 12.776540 7.405961 10.850069
-0.643354 -5.018847 -1.690062 19.585142
-1.041024 10.971479 4.663762 15.064785
0.150918 1.451017 14.060726 1.078003
16.012244 3.051110 4.591478 21.851574
26.550425 10.238903 -5.516986 14.221095
2.538550 2.112314 6.471488 3.468398
14.109586 5.224748 11.993923 22.409943
8.451992 23.854196 1.826325 15.141571
15.937423 25.224658 14.038480 10.172506
22.553945 14.813276 9.063924 8.118259
9.126455 10.874990 10.867923 5.101392
13.821881 11.422590 6.298181 3.895676
25.591561 12.364031 8.943767 14.006479
8.164989 16.474306 0.632480 14.641104
8.315355 2.500108 4.976504 8.807499
-0.976195 16.090820 -1.874284 6.506448
6.483475 13.022026 14.540180 2.770585
13.792632 10.016366 2.978522 11.520680
2.634635 1.122950 5.410048 13.689295
10.802116 10.100974 20.146729 13.158781
3.254673 14.725363 14.306955 19.345009
18.858443 17.980090 4.042546 16.974233
6.028471 -7.362709 16.896142 -2.304632
10.311607 14.837524 9.065303 25.287208
