13.048413 17.427355 8.037985 6.713343
21.934272 26.122541 9.148624 14.000636
16.363286 17.386201 1.590709 11.217442
5.487196 5.794850 12.533496 10.622652
4.321956 2.054291 9.619160 -1.986005
13.734461 14.778138 18.373536 11.555542
1.454640 5.700688 3.572171 17.400602
-0.580243 11.858408 2.448616 15.521267
-3.574659 -5.885108 14.043557 3.565154
10.371033 0.272638 8.963586 17.308872
26.406110 9.967531 0.844471 0.626738
-1.112126 -1.650862 -0.912537 -2.133022
27.474114 2.014113 13.608277 18.195866
14.131508 26.957735 4.995384 15.139630
16.681823 18.212685 18.088516 1.302435
25.198865 14.725699 14.738743 11.742365
7.213421 12.602142 11.938295 8.571593
14.313701 9.516847 16.911962 2.494993
20.762009 13.536999 18.211280 22.114435
16.776365 12.656427 4.470479 14.107351
11.364179 5.073762 6.948316 14.979995
-1.425007 11.629376 5.973359 3.417534
5.692135 16.406819 10.140643 -1.178622
12.992218 13.178429 -2.322666 11.511836
-5.283985 2.183433 15.577514 10.378335
9.818002 18.479430 20.879792 15.800656
16.807176 13.465649 18.735121 19.812060
22.561487 17.490202 8.293061 4.488988
3.649752 2.858777 20.881235 -1.934945
13.748103 2.912260 7.071917 14.127359
