16.312626 10.897265 18.773315 2.682711
23.565102 23.767700 17.739947 16.402760
34.444138 17.584831 -1.702600 7.016401
0.500668 8.117796 12.772943 14.939511
3.553261 0.914050 0.729462 6.016391
18.285140 17.642590 0.833189 12.830775
-1.149005 4.276695 3.292848 9.781259
-3.330364 11.740819 -2.225520 16.442876
-0.504170 5.973693 14.943065 -0.352684
8.058958 9.316396 7.507216 20.961268
20.832019 9.323071 -3.676044 4.975125
1.360161 2.030036 2.466942 5.370585
24.309188 4.377614 8.337027 22.297128
12.387579 24.587149 8.863195 21.772852
6.496383 22.917103 12.769677 1.607013
20.255750 17.226652 16.046633 5.885490
0.580815 16.761503 24.495806 7.768381
20.384725 13.118638 9.902194 -3.507452
21.557991 18.460505 13.199133 16.335999
10.493579 5.384385 6.036263 8.861101
14.298427 4.382049 7.758249 12.143555
-3.347952 9.037354 -7.480134 14.450396
13.430451 14.478724 12.950825 1.763273
6.451292 10.470082 -3.706427 12.297901
11.703823 1.100957 14.422204 10.936522
13.418565 12.357639 13.929377 21.754618
9.828165 14.041222 15.538133 15.340964
18.310283 15.503225 3.626666 13.157181
2.344459 5.551255 17.776944 0.204404
12.031040 12.342389 6.632479 15.171298
