18.213361 17.822579 14.191487 14.872180
24.140968 17.381892 13.662893 12.705789
22.275135 19.911119 3.643332 4.321150
0.382291 2.849113 14.741771 8.766175
1.638861 -0.941622 5.013100 -7.945778
12.301741 16.082436 15.668679 0.540415
0.001420 4.776066 1.846418 10.519384
8.151263 5.101747 6.343360 20.066162
3.627384 0.485896 13.663979 0.468706
14.664363 8.117478 6.738353 22.312718
24.306384 13.846983 5.590430 5.979253
8.020280 -5.111446 5.238493 -4.817624
21.185653 7.984063 16.984449 24.558458
11.113890 26.292740 7.865222 18.602359
11.729343 22.363077 12.978750 12.845688
20.339590 20.250639 12.394462 6.425638
2.754116 3.598209 15.817495 15.376378
8.982924 8.705306 2.175353 5.650624
27.818489 8.406339 4.247678 16.462700
3.484840 9.096022 3.812924 12.432348
10.328246 3.795134 6.965693 10.320540
0.412877 3.302790 -1.151822 2.657934
8.937230 15.549372 9.149416 3.297671
13.097362 14.290870 -2.049840 12.624653
0.438780 -1.070355 13.567574 12.598066
13.154720 15.501191 3.338150 13.050101
16.175471 19.219881 7.632525 16.094808
16.647439 15.833750 10.329407 9.003457
5.854023 -1.587297 17.124569 3.910508
12.717290 3.710222 7.134441 14.207943
