14.854333 13.431816 17.843405 13.683586
22.034313 18.672706 11.754309 13.069244
22.598277 19.071750 1.166378 5.394657
-0.602378 13.605293 11.366007 18.167586
6.096286 0.968184 -0.184211 4.486605
10.602336 11.154203 15.943186 17.592723
1.723744 -2.276560 4.796724 19.374418
-4.758074 18.393983 1.693478 16.003890
4.702114 1.774251 10.805598 -3.829400
15.222553 7.362906 11.500248 15.629202
24.984442 7.117367 3.481731 7.467462
6.059753 1.915269 9.109798 3.159174
22.689658 3.429795 8.415034 22.511155
16.531322 24.833855 1.302178 14.956321
20.692172 18.057451 10.975426 4.428781
22.236040 15.602787 12.894633 12.108611
5.726779 7.080192 15.475834 12.203694
15.204893 3.002274 9.497241 4.127463
20.752021 10.519462 11.481184 16.324249
11.782149 8.965064 2.206472 7.540032
7.343586 5.386014 3.320133 10.878536
6.540079 13.165275 -1.304039 5.714185
7.877779 7.361728 14.700602 -6.186397
15.716534 12.068620 3.274565 12.395689
-1.137497 1.497055 13.406876 17.218602
13.387597 22.526853 11.397995 17.071472
10.110060 20.696126 14.971094 15.138709
22.252280 14.343082 8.576321 1.275384
-0.310885 8.566536 13.726686 -5.458319
8.353460 6.768838 15.940601 15.070720
